0   3   3  20   4  20   4   1  13  14  13   5  21   0   1
3   0   0  17   1  17   1   4  10  11  10   2  18   3   4
3   0   0  17   1  17   1   4  10  11  10   2  18   3   4
20  17  17   0  16   0  16  21   7   6   7  15   1  20  21
4   1   1  16   0  16   0   5   9  10   9   1  17   4   5
20  17  17   0  16   0  16  21   7   6   7  15   1  20  21
4   1   1  16   0  16   0   5   9  10   9   1  17   4   5
1   4   4  21   5  21   5   0  14  15  14   6  22   1   0
13  10  10   7   9   7   9  14   0   1   0   8   8  13  14
14  11  11   6  10   6  10  15   1   0   1   9   7  14  15
13  10  10   7   9   7   9  14   0   1   0   8   8  13  14
5   2   2  15   1  15   1   6   8   9   8   0  16   5   6
21  18  18   1  17   1  17  22   8   7   8  16   0  21  22
0   3   3  20   4  20   4   1  13  14  13   5  21   0   1
1   4   4  21   5  21   5   0  14  15  14   6  22   1   0
